10	10
1000	1000
10000	10000
10001	10001
1001	1001
1002	1002
1003	1003
1004	1004
1005	1005
1006	1006
10062	10062
10065	10065
10066	10066
1007	1007
1008	1008
1009	1009
1010	1010
10104	10104
10130	10130
1015	1015
10171	10171
10175	10175
10183	10183
10196	10196
10215	10215
10218	10218
10223	10223
10225	10225
10228	10228
10235	10235
10236	10236
10240	10240
10244	10244
10245	10245
10246	10246
10252	10252
10255	10255
10257	10257
10260	10260
10263	10263
10264	10264
10266	10266
10268	10268
10271	10271
10274	10274
10275	10275
10283	10283
10286	10286
10287	10287
10288	10288
10289	10289
10290	10290
10295	10295
10296	10296
10297	10297
10321	10321
10322	10322
10337	10337
10346	10346
10347	10347
10380	10380
10391	10391
10398	10398
10399	10399
10419	10419
10420	10420
10421	10421
10422	10422
10427	10427
10430	10430
10432	10432
10433	10433
10436	10436
10437	10437
10438	10438
10439	10439
10441	10441
10447	10447
10449	10449
10452	10452
10453	10453
10455	10455
10457	10457
10460	10460
10461	10461
10463	10463
10464	10464
10465	10465
10467	10467
10476	10476
10478	10478
10480	10480
10481	10481
10483	10483
10484	10484
105	105
1076	1076
1077	1077
1078	1078
1079	1079
108	108
1080	1080
10805	10805
1081	1081
1082	1082
10857	10857
10861	10861
11043	11043
1105	1105
111	111
11143	11143
112	112
11258	11258
11261	11261
11262	11262
11263	11263
11264	11264
11265	11265
11266	11266
11267	11267
11268	11268
11269	11269
11270	11270
11271	11271
11272	11272
11273	11273
11274	11274
11275	11275
11276	11276
11277	11277
11278	11278
11279	11279
11280	11280
11281	11281
11282	11282
11283	11283
11284	11284
11285	11285
11286	11286
11287	11287
113	113
1138	1138
1141	1141
1149	1149
1150	1150
11506	11506
1155	1155
11587	11587
1159	1159
11600	11600
1163	1163
11650	11650
11661	11661
11669	11669
11683	11683
11688	11688
11694	11694
11699	11699
11711	11711
11712	11712
11715	11715
11733	11733
11746	11746
11747	11747
11748	11748
11749	11749
11750	11750
11751	11751
11752	11752
11753	11753
11754	11754
11755	11755
11756	11756
11757	11757
11758	11758
11759	11759
11760	11760
11761	11761
11762	11762
11763	11763
11764	11764
11765	11765
11766	11766
11767	11767
11768	11768
11769	11769
11770	11770
11772	11772
11773	11773
11774	11774
11776	11776
11791	11791
11794	11794
118	118
11822	11822
11829	11829
11831	11831
11952	11952
122	122
1221	1221
1233	1233
1236	1236
1237	1237
12396	12396
12397	12397
1241	1241
12455	12455
12463	12463
1253	1253
126	126
1261	1261
128	128
13	13
132	132
1321	1321
1322	1322
1325	1325
1343	1343
135	135
1351	1351
1352	1352
1353	1353
1358	1358
1362	1362
1367	1367
1368	1368
138	138
14	14
141	141
142	142
1449	1449
1456	1456
150	150
151	151
1519	1519
1541	1541
155	155
158	158
1588	1588
1589	1589
162	162
1652	1652
1654	1654
1671	1671
1687	1687
1692	1692
1693	1693
17	17
1718	1718
1729	1729
175	175
1759	1759
177	177
1773	1773
1789	1789
179	179
1802	1802
1808	1808
1818	1818
183	183
1839	1839
184	184
186	186
1869	1869
1876	1876
1877	1877
1879	1879
1880	1880
1881	1881
1884	1884
191	191
192	192
1967	1967
200	200
2026	2026
2027	2027
2028	2028
2029	2029
2030	2030
2031	2031
2033	2033
2034	2034
2035	2035
2036	2036
2037	2037
2044	2044
2073	2073
208	208
21	21
213	213
2155	2155
2156	2156
216	216
218	218
222	222
230	230
234	234
235	235
2395	2395
2397	2397
2398	2398
2399	2399
2400	2400
2401	2401
2402	2402
2403	2403
2404	2404
2405	2405
2406	2406
2407	2407
2409	2409
2410	2410
2429	2429
2440	2440
2441	2441
2443	2443
2444	2444
2445	2445
2446	2446
2447	2447
2448	2448
2450	2450
2451	2451
2452	2452
2463	2463
2464	2464
2468	2468
2469	2469
247	247
2471	2471
2472	2472
2473	2473
2476	2476
2477	2477
248	248
249	249
2513	2513
252	252
254	254
2569	2569
2570	2570
2571	2571
2572	2572
2576	2576
2577	2577
2578	2578
2580	2580
2581	2581
2583	2583
2584	2584
2585	2585
2588	2588
2589	2589
2590	2590
2591	2591
2593	2593
2612	2612
2663	2663
2667	2667
2669	2669
2671	2671
2672	2672
2673	2673
2674	2674
2675	2675
2676	2676
2678	2678
2679	2679
2680	2680
2681	2681
2682	2682
2683	2683
2687	2687
2688	2688
271	271
277	277
2821	2821
290	290
2979	2979
3209	3209
33	33
34	34
3411	3411
344	344
3459	3459
3460	3460
3466	3466
3477	3477
3479	3479
35	35
3521	3521
3575	3575
36	36
3629	3629
3631	3631
3632	3632
3633	3633
3634	3634
3635	3635
3636	3636
3637	3637
3638	3638
3639	3639
37	37
3740	3740
3744	3744
3748	3748
3764	3764
3767	3767
3768	3768
3769	3769
3770	3770
3773	3773
3777	3777
3778	3778
3779	3779
3780	3780
3782	3782
38	38
3843	3843
3854	3854
3894	3894
3895	3895
3898	3898
393	393
4	4
4021	4021
4024	4024
4027	4027
4043	4043
4047	4047
4052	4052
4100	4100
416	416
417	417
422	422
423	423
4301	4301
4302	4302
4323	4323
442	442
4425	4425
46	46
461	461
4662	4662
4666	4666
4736	4736
476	476
477	477
479	479
480	480
481	481
482	482
4825	4825
4827	4827
4828	4828
4829	4829
483	483
4830	4830
4831	4831
4832	4832
4833	4833
4834	4834
4835	4835
4836	4836
4837	4837
4838	4838
4840	4840
4841	4841
4842	4842
4844	4844
4866	4866
4868	4868
4869	4869
4870	4870
4871	4871
4872	4872
4891	4891
4893	4893
4898	4898
4907	4907
4909	4909
4917	4917
4918	4918
4919	4919
4920	4920
4921	4921
4923	4923
4924	4924
4925	4925
4926	4926
4927	4927
4928	4928
4929	4929
4930	4930
4931	4931
4932	4932
4933	4933
4934	4934
4935	4935
4936	4936
4937	4937
4939	777
4941	4941
4945	4945
4946	4946
4947	4947
4948	4948
4949	4949
4950	4950
4951	4951
4952	4952
4955	4955
4962	4962
4967	4967
4968	4968
5082	5082
5083	5083
5084	5084
5091	5091
5092	5092
5093	5093
5096	5096
5097	5097
5100	5100
5101	5101
5102	5102
5104	5104
5106	5106
5107	5107
5108	5108
5109	5109
5110	5110
5115	5115
5117	5117
5118	5118
5119	5119
5120	5120
5121	5121
5123	5123
5124	5124
5125	5125
5131	5131
5132	5132
5134	5134
5138	5138
5143	5143
5144	5144
5146	5146
5148	5148
5149	5149
5151	5151
5152	5152
5153	5153
5154	5154
5155	5155
5156	5156
5157	5157
5158	5158
5159	5159
5161	5161
5162	5162
5163	5163
5164	5164
5165	5165
5166	5166
5170	5170
5171	5171
5173	5173
5174	5174
5177	5177
5178	5178
5179	5179
5180	5180
5181	5181
5182	5182
5184	5184
5185	5185
5191	5191
5192	5192
5194	5194
5198	5198
5200	5200
5201	5201
5202	5202
5203	5203
5205	5205
5209	5209
5210	5210
5211	5211
5212	5212
5213	5213
5214	5214
5326	5326
5539	5539
5615	5615
5629	5629
5682	5682
5684	5684
57	57
5706	65
5707	5707
5708	5708
5714	5714
575	575
5775	5775
5873	5873
5874	5874
5875	5875
5877	5877
5880	5880
5881	5881
5885	5885
5886	5886
5888	5888
5889	5889
5891	5891
5892	5892
5893	5893
5929	5929
5930	5930
596	596
597	597
598	598
599	599
60	60
600	600
601	601
602	602
6022	6022
603	603
604	604
605	605
606	606
607	607
608	608
609	609
6092	6092
610	610
611	611
612	612
6121	6121
613	613
614	614
6140	6140
615	615
616	616
617	617
618	618
6185	6185
619	619
6198	6198
62	62
6203	6203
621	621
6214	6214
6218	6218
622	622
623	623
624	624
625	625
626	626
627	627
628	628
629	629
630	630
631	631
632	632
633	633
634	634
635	635
636	636
637	637
638	638
6381	6381
639	639
64	64
640	640
6408	6408
6409	6409
641	641
6410	6410
6415	6415
642	642
6428	6428
643	643
644	644
645	645
646	646
647	647
648	648
649	649
65	65
650	650
651	651
652	652
653	653
655	655
656	656
657	657
658	658
660	660
6607	6607
661	661
662	662
663	663
664	664
665	665
666	666
667	667
668	668
669	669
67	67
670	670
671	671
672	672
673	673
674	674
675	675
676	676
677	677
6779	6779
678	678
679	679
680	680
681	681
682	682
683	683
684	684
6895	6895
690	690
6901	6901
6961	6961
6964	6964
6965	6965
6966	6966
6967	6967
6968	6968
6969	6969
6970	6970
6971	6971
6972	6972
6973	6973
6975	6975
6976	6976
6977	6977
6979	6979
6980	6980
6981	6981
6982	6982
6983	6983
6984	6984
6985	6985
6986	6986
6988	6988
6989	6989
6991	6991
6992	6992
6993	6993
6994	6994
6995	6995
6996	6996
6997	6997
6998	6998
6999	6999
700	700
7000	7000
7001	7001
7002	7002
7004	7004
7005	7005
7007	7007
7008	7008
7009	7009
7010	7010
7011	7011
7012	7012
7013	7013
7014	7014
7015	7015
7016	7016
7017	7017
7018	7018
7019	7019
7020	7020
7021	7021
7022	7022
7024	7024
7025	7025
7026	7026
7028	7028
7029	7029
7030	7030
7031	7031
7033	7033
7037	7037
7038	7038
7043	7043
7044	7044
7051	7051
7052	7052
7053	7053
7054	7054
7056	7056
7057	7057
7058	7058
7059	7059
7060	7060
7061	7061
7062	7062
7063	7063
7064	7064
7065	7065
7066	7066
7067	7067
7068	7068
7069	7069
707	707
7070	7070
7071	7071
7072	7072
7075	7075
7076	7076
7077	7077
7079	7079
7080	7080
7081	7081
7084	7084
7085	7085
7086	7086
7087	7087
7088	7088
7089	7089
709	709
7090	7090
7091	7091
7092	7092
7093	7093
7094	7094
7096	7096
7097	7097
7098	7098
71	71
7101	7101
7102	7102
7103	7103
7104	7104
7105	7105
7106	7106
7107	7107
7108	7108
7112	7112
7119	7119
7122	7122
7124	7124
7125	7125
7131	7131
7233	7233
7236	7236
7237	7237
7252	7252
7257	7257
7282	7282
7283	7283
7295	7295
7296	7296
7297	7297
7298	7298
7299	7299
7300	7300
7301	7301
7306	7306
7307	7307
7308	7308
7313	7313
7314	7314
732	732
7321	7321
7328	7328
734	734
735	735
7352	7352
7365	7365
738	738
7396	7396
741	741
7452	7452
7473	7473
7476	7476
7477	7477
7478	7478
756	756
7587	7587
759	759
761	761
763	763
764	764
765	765
775	775
7757	7757
777	777
778	778
779	779
7796	7796
7800	7800
7804	7804
781	781
7814	7814
7815	7815
7826	7826
7837	7837
7838	7838
7839	7839
7842	7842
7843	7843
7846	7846
7847	7847
7848	7848
7856	7856
7860	7860
7870	7870
788	788
7888	7888
789	789
7893	7893
7945	7945
7947	7947
7958	7958
798	798
8022	8022
8023	8023
8078	8078
8204	8204
825	825
827	827
8288	8288
8290	8290
8292	8292
83	83
8311	8311
8312	8312
8313	8313
832	832
8322	8322
8323	8323
837	837
838	838
839	839
8398	8398
84	84
840	840
841	841
842	842
843	843
846	846
847	847
848	848
849	849
85	85
850	850
851	851
852	852
854	854
86	86
87	87
88	88
96	96
9643	9643
9645	9645
9646	9646
9647	9647
9849	150
9904	9904
9905	9905
9906	9906
9907	9907
9908	9908
9909	9909
9910	9910
9911	9911
9912	9912
9913	9913
9914	9914
9917	9917
9918	9918
9919	9919
992	992
9920	9920
9921	9921
9922	9922
9923	9923
9924	9924
9925	9925
9926	9926
9927	9927
9928	9928
9929	9929
9930	9930
9931	9931
9932	9932
9933	9933
9934	9934
9935	9935
9936	9936
9937	9937
9938	9938
9939	9939
9940	9940
9941	9941
9942	9942
9943	9943
9944	9944
9945	9945
9946	9946
9947	9947
9948	9948
9949	9949
995	995
9950	9950
9951	9951
9952	9952
9953	9953
9954	9954
9955	9955
9956	9956
9957	9957
9958	9958
9959	9959
996	996
9960	9960
9961	9961
9962	9962
9963	9963
9964	9964
9965	9965
9966	9966
9967	9967
9968	9968
9969	9969
9970	9970
9971	9971
9972	9972
9973	9973
9974	9974
9975	9975
9976	9976
9977	9977
9978	9978
9979	9979
998	998
9980	9980
9981	9981
9982	9982
9983	9983
9984	9984
9985	9985
9986	9986
9987	9987
9988	9988
9989	9989
999	999
9990	9990
9991	9991
9992	9992
9993	9993
9994	9994
9995	9995
9996	9996
9997	9997
9998	9998
9999	9999
